A = [1 2 3; 4 5 4; 9 8 7]
B = [3 3 3; 2 4 9; 1 3 1]
a = 2
x1 = A + a
x2 = 
